1199404728
5488298617
5298613506
1885577748
681366826
1433320067
1068805197
5767707912
1496782700
1344416080
5090597085
1162036150
1843279280
1132425991
1766950726
2029369927
5309796594
1772072303
494508462
1334662133
1204428909
5338069064
1601229665
1719994182
5436986861
321584552
1336285709
1886219543
1989308126
5435859842
988685880
1313622274
5249241374
5224702914
1050424760
788933127
1885651996
1087520948
1546281489
919367580
1696562697
5790830827
2096375110
5754364879
5483520107
5475169605
1062779920
1101278430
2117851479
1486984576
5169272318
5910069349
860481760
5604051521
5128576030
5578641694
1232861762
1981960584
5334568539
5943236299
5465453795
913448623
1621155736
2053287957
963504242
5455778872
1887992063
1189021732
1285161693
951280742
5261001247
5035225169
5382345289
5619901800
943820508
2002739363
1944107491
861978537
5563727300
1352532631
1841299189
1436696742
785801442
-547222227
5292081551
1201356956
1496571455
886187491
1131583538
1818430499
1854598289
5175554466
901667515
632642509
5638632505
696868936
5631572668
5594669711
1882631566
1762007310
793054959
1039987091
5728415825
695018709
5456868840
5122997799
5871623089
1957885133
980058814
1629445383
5020257610
5660740012
-1001539009457
5003544571
5780158285
653938832
1053839022
2126884107
5262007650
1606577959
2124633218
1415712300
5600910176
1858917019
5673898368
1106750359
5828378741
1397334941
919285406
5328344829
1357873263
1127104187
747663361
5164325831
1478315682
5339254264
5755076138
712336532
5871937409
1143165347
5065992747
2046284242
1086921708
1130171104
742192260
5365229995
5501701228
883196588
5475839219
1904527027
1815843233
1036859230
811654022
5300232204
1294324075
5285316199
5240079253
2065531893
1626872658
1115928644
2085561860
5408349052
879772608
2029020263
1134486071
1497866579
5607786753
5222542794
1112623523
2116027624
965871942
5306558553
5526904899
2126364604
5319634051
1274991964
689906486
1803430323
5819847774
1745510902
1328880960
1508000898
5938083646
2146749487
1703588728
5677694986
5147364526
1524279422
5818822914
5354360117
5694026128
5835351867
5406916766
5728280249
906120488
5287676686
1856812840
1404762812
1690772483
5963870783
2090402569
6239010805
1545596858
642136925
762131311
577217600
5688202154
5974877478
5711823921
938614627
793805286
1109434128
789022285
5404347887
5192793578
736140967
5846332877
5303311703
5942126694
395693774
1904888598
5449369656
1675061827
594127681
795234601
2075248589
5787474798
1097936918
2136363755
1232057745
1070981264
5568070687
498604548
1952048045
735409324
5450581159
2103483908
5916454669
1043872726
1665179764
1322878836
6177296237
805767960
5276208445
1734272703
1368769582
5338979775
454423925
1671253647
5574391183
1613188170
1226826213
998649455
534058923
